6 1 4 1 2 1 3 8 9
3 7 2 6 9 8 4 3 1
5 9 8 1 3 4 2 6 7
5 5 1 8 6 3 7 9 4
9 4 6 2 7 5 1 3 8
7 8 3 4 1 9 5 2 6
4 3 5 9 8 1 6 7 2
8 2 7 3 4 6 9 1 5
1 6 9 7 5 2 8 4 3

6 1 4 5 2 7 3 8 9
3 7 2 6 9 8 4 5 1
5 9 8 0 3 0 2 6 7
2 5 1 8 6 3 7 9 4
9 4 6 2 7 5 1 3 8
7 8 3 0 0 9 5 2 6
4 3 5 9 8 0 6 7 2
8 2 7 3 0 6 9 1 5
1 6 9 7 5 2 8 4 3

1 1 1 1 1 1 1 1 2
1 2 3 4 5 6 7 8 9
1 2 3 4 5 6 7 8 9
1 2 3 4 5 6 7 8 9
1 2 3 4 5 6 7 8 9
1 2 3 4 5 6 7 8 9
1 2 3 4 5 6 7 8 9
1 2 3 4 5 6 7 8 9
1 2 3 4 5 6 7 8 9

1 2 3 1 2 3 1 2 3
4 5 6 4 5 6 4 5 6
7 8 9 7 8 9 7 8 9
1 2 3 1 2 3 1 2 3
4 5 6 4 5 6 4 5 6
7 8 9 7 8 9 7 8 9
1 2 3 1 2 3 1 2 3
4 5 6 4 5 6 4 5 6
7 8 9 7 8 9 7 8 9 

1 1 1 1 1 1 1 1 1
2 2 2 2 2 2 2 2 2
3 3 3 3 3 3 3 3 3
4 4 4 4 4 4 4 4 4
5 5 5 5 5 5 5 5 5
6 6 6 6 6 6 6 6 6
7 7 7 7 7 7 7 7 7
8 8 8 8 8 8 8 8 8
9 9 9 9 9 9 9 9 9

(x, 2) (x, 4) (x, 9)
  X       Y      Z

XY
XZ
YZ

Linha x: (x, 2) e (x, 4)
Linha x: (x, 2) e (x, 9)
Linha x: (x, 4) e (x, 9)

2 9 3 9 4 8 1 6 9